# So sanh 3 thuat toan

- Tao luc: 2026-04-11T11:39:20
- Dataset: D:/Tabu IM/input_txt/facebook_combined.txt
- p: 0.01
- seed: 1
- k: [10, 20, 30, 40, 50, 60]
- num_subgraphs (CELF): 100
- c/r/max_iter/max_no_improve (Tabu): 200/100/2000/500
- final_eval: enabled (R=1000)

## Bang tong hop

| k | degree spread | degree core time (s) | celf spread | celf core time (s) | tabu_v3 spread | tabu_v3 core time (s) |
|---:|---:|---:|---:|---:|---:|---:|
| 10 | 304.5930 | 0.000200 | 301.2260 | 0.258900 | 307.7410 | 398.383700 |
| 20 | 340.5150 | 0.000200 | 346.9260 | 0.427500 | 350.8740 | 431.182500 |
| 30 | 359.7510 | 0.000200 | 375.3520 | 0.776900 | 380.8620 | 152.730800 |
| 40 | 368.8280 | 0.000200 | 406.4640 | 0.927700 | 409.8250 | 357.190000 |
| 50 | 375.5350 | 0.000300 | 431.5970 | 1.948000 | 435.2870 | 302.423200 |
| 60 | 383.9350 | 0.000200 | 453.7840 | 1.162400 | 457.0280 | 326.853300 |

## Tap nghiem cuoi cung

### k = 10
- degree_heuristic:
  - spread: 304.5930
  - core_time_s: 0.000200
  - seed_set: [0, 107, 1663, 1684, 1800, 1888, 1912, 2347, 2543, 3437]
- celf:
  - spread: 301.2260
  - core_time_s: 0.258900
  - seed_set: [107, 1522, 1584, 1684, 1888, 1912, 1985, 2071, 2133, 3437]
- tabu_v3:
  - spread: 307.7410
  - core_time_s: 398.383700
  - seed_set: [107, 483, 1352, 1663, 1684, 1800, 1912, 2073, 2543, 3437]

### k = 20
- degree_heuristic:
  - spread: 340.5150
  - core_time_s: 0.000200
  - seed_set: [0, 107, 348, 483, 1352, 1431, 1663, 1684, 1730, 1800, 1888, 1912, 1941, 1985, 2142, 2233, 2266, 2347, 2543, 3437]
- celf:
  - spread: 346.9260
  - core_time_s: 0.427500
  - seed_set: [0, 107, 348, 483, 946, 1277, 1522, 1584, 1684, 1730, 1888, 1912, 1985, 2010, 2047, 2071, 2133, 2966, 3026, 3437]
- tabu_v3:
  - spread: 350.8740
  - core_time_s: 431.182500
  - seed_set: [0, 107, 348, 483, 1352, 1431, 1663, 1684, 1730, 1888, 1912, 2047, 2071, 2266, 2309, 2333, 2344, 2800, 3363, 3437]

### k = 30
- degree_heuristic:
  - spread: 359.7510
  - core_time_s: 0.000200
  - seed_set: [0, 107, 348, 483, 1086, 1199, 1352, 1431, 1584, 1589, 1663, 1684, 1730, 1768, 1800, 1888, 1912, 1941, 1985, 2047, 2142, 2206, 2229, 2233, 2266, 2347, 2410, 2543, 2611, 3437]
- celf:
  - spread: 375.3520
  - core_time_s: 0.776900
  - seed_set: [0, 107, 348, 483, 517, 917, 946, 1235, 1277, 1522, 1584, 1604, 1684, 1730, 1888, 1912, 1985, 2010, 2047, 2071, 2133, 2344, 2800, 2966, 3026, 3101, 3280, 3320, 3363, 3437]
- tabu_v3:
  - spread: 380.8620
  - core_time_s: 152.730800
  - seed_set: [0, 107, 348, 483, 517, 946, 1017, 1235, 1277, 1431, 1584, 1604, 1684, 1730, 1912, 2047, 2071, 2081, 2206, 2299, 2344, 2598, 2800, 2966, 3026, 3101, 3280, 3320, 3363, 3437]

### k = 40
- degree_heuristic:
  - spread: 368.8280
  - core_time_s: 0.000200
  - seed_set: [0, 107, 348, 483, 1086, 1199, 1352, 1431, 1584, 1589, 1663, 1684, 1730, 1746, 1768, 1800, 1827, 1888, 1912, 1941, 1985, 1993, 2047, 2078, 2123, 2142, 2206, 2218, 2229, 2233, 2240, 2266, 2347, 2410, 2464, 2507, 2543, 2560, 2611, 3437]
- celf:
  - spread: 406.4640
  - core_time_s: 0.927700
  - seed_set: [0, 107, 348, 414, 475, 483, 517, 686, 896, 917, 946, 1017, 1235, 1277, 1522, 1584, 1604, 1684, 1730, 1888, 1912, 1985, 2010, 2047, 2071, 2133, 2299, 2333, 2344, 2754, 2800, 2951, 2966, 3026, 3101, 3198, 3280, 3320, 3363, 3437]
- tabu_v3:
  - spread: 409.8250
  - core_time_s: 357.190000
  - seed_set: [0, 107, 348, 414, 475, 483, 517, 686, 896, 917, 946, 1017, 1059, 1235, 1277, 1431, 1604, 1684, 1730, 1833, 1912, 2047, 2071, 2103, 2266, 2333, 2344, 2509, 2510, 2754, 2951, 2966, 3101, 3198, 3232, 3280, 3320, 3363, 3426, 3437]

### k = 50
- degree_heuristic:
  - spread: 375.5350
  - core_time_s: 0.000300
  - seed_set: [0, 107, 348, 483, 1086, 1126, 1199, 1352, 1431, 1584, 1589, 1663, 1684, 1730, 1746, 1768, 1800, 1827, 1888, 1912, 1941, 1983, 1985, 1993, 2047, 2078, 2088, 2123, 2131, 2142, 2206, 2218, 2229, 2233, 2240, 2244, 2266, 2309, 2324, 2340, 2347, 2369, 2410, 2464, 2507, 2543, 2560, 2602, 2611, 3437]
- celf:
  - spread: 431.5970
  - core_time_s: 1.948000
  - seed_set: [0, 107, 348, 414, 428, 475, 483, 517, 637, 686, 896, 917, 946, 1017, 1235, 1250, 1277, 1522, 1584, 1604, 1684, 1730, 1888, 1912, 1985, 2010, 2047, 2071, 2133, 2171, 2289, 2299, 2333, 2344, 2669, 2754, 2786, 2800, 2951, 2966, 3026, 3051, 3082, 3101, 3198, 3280, 3320, 3363, 3437, 3938]
- tabu_v3:
  - spread: 435.2870
  - core_time_s: 302.423200
  - seed_set: [0, 107, 348, 414, 428, 475, 483, 517, 637, 686, 896, 917, 1132, 1191, 1230, 1235, 1250, 1277, 1352, 1431, 1471, 1684, 1888, 1912, 2047, 2071, 2103, 2174, 2266, 2279, 2333, 2344, 2384, 2598, 2669, 2754, 2839, 2951, 2966, 3051, 3082, 3101, 3198, 3232, 3280, 3320, 3363, 3426, 3437, 3938]

### k = 60
- degree_heuristic:
  - spread: 383.9350
  - core_time_s: 0.000200
  - seed_set: [0, 107, 348, 483, 1086, 1126, 1199, 1352, 1390, 1431, 1584, 1589, 1663, 1684, 1730, 1746, 1768, 1800, 1804, 1827, 1888, 1912, 1941, 1983, 1985, 1993, 2047, 2059, 2073, 2078, 2088, 2123, 2131, 2142, 2188, 2206, 2218, 2220, 2229, 2233, 2240, 2244, 2266, 2309, 2324, 2340, 2347, 2369, 2410, 2464, 2507, 2542, 2543, 2560, 2590, 2602, 2604, 2607, 2611, 3437]
- celf:
  - spread: 453.7840
  - core_time_s: 1.162400
  - seed_set: [0, 67, 107, 348, 353, 414, 428, 475, 483, 517, 637, 686, 896, 917, 946, 1017, 1199, 1235, 1250, 1277, 1329, 1522, 1584, 1604, 1680, 1684, 1730, 1888, 1912, 1985, 2010, 2047, 2071, 2133, 2171, 2174, 2289, 2299, 2333, 2344, 2661, 2669, 2754, 2786, 2800, 2904, 2951, 2966, 3026, 3051, 3082, 3101, 3198, 3232, 3280, 3320, 3363, 3437, 3545, 3938]
- tabu_v3:
  - spread: 457.0280
  - core_time_s: 326.853300
  - seed_set: [0, 67, 107, 348, 353, 414, 428, 475, 483, 517, 637, 686, 896, 917, 946, 1017, 1132, 1191, 1199, 1235, 1277, 1329, 1352, 1515, 1684, 1730, 1845, 1888, 1912, 1918, 2047, 2071, 2103, 2171, 2174, 2279, 2333, 2344, 2384, 2509, 2661, 2669, 2742, 2754, 2786, 2839, 2951, 2966, 3049, 3051, 3101, 3198, 3232, 3280, 3320, 3363, 3426, 3437, 3830, 3938]

